000000000000000000000000000000000000000000000000000000000000000000000000000000000000000000000000000000000001111111111111111111111111111
000000000000000000000000000000000000000000000000000000000000000000000000000000000000000000000000000000000001111111111111111111111111111
000000000000000000000000000000000000000000000000000000000000000000000000000000000000000000000000000000000001111111111111111111111111111
000000000000000000000000000000000000000000000000000000000000000000000000000000000000000000000000000000000001111111111111111111111111111
000000000000000000000000000000000000000000000000000000000000000000000000000000000000000000000000000000000001111111111111111111111111111
000000000000000000000000000000000000000000000000000000000000000000000000000000000000000000000000000000000000001111111111111111111111111
000000000000000000000000000000000000000000000000000000000000000000000000000000000000000000000000000000000000001111111111111111111111111
000000000000000000000000000000000000000000000000000000000000000000000000000000000000000000000000000000000000001111111111111111111111111
000000000000000000000000000000000000000000000000000000000000000000000000000000000000000000000000000000000000000000000011111111111111111
000000000000000000000000000000000000000000000000000000000000000000000000000000000000000000000000000000000000000000000011111111111111111
000000000000000000000000000000000000000000000000000000000000000000000000000000000000000000000000000000000000000000000011111111111111111
000000000000000000000000000000000000000000000000000000000000000000000000000000000000000000000000000000000000000000000011111111111111111
000000000000000000000000000000000000000000000000000000000000000000000000000000000000000000000000000000000000000000000011111111111111111
000000000000000000000000000000000000000000000000000000000000000000000000000000000000000000000000000000000000000000000000000111111111111
000000000000000000000000000000000000000000000000000000000000000000000000000000000000000000000000000000000000000000000000000111111111111
000000000000000000000000000000000000000000000000000000000000000000000000000000000000000000000000000000000000000000000000000111111111111
000000000000000000000000000000000000000000000000000000000000000000000000000000000000000110000000000000000000000000000000000001111111111
000000000000000000000000000000000000000000000000000000000000000000000000000000000000000110000000000000000000000000000000000001111111111
000000000000000000000000000000000000000000000000000000000000000000000000000000000000000110000000000000000000000000000000000001111111111
000000000000000000000000000000000000000000000000000000000000000000000000000000000000000110000000000000000000000000000000000001111111111
000000000000000000000000000000000000000000000000000000000000000000000000000000000000000110000000000000000000000000000000000001111111111
000000000000001110001111111111111100000000000000000000000000000000000000000000000000000111111110000000000000000000000000000000000011111
000000000000001110001111111111111100000000000000000000000000000000000000000000000000000111111110000000000000000000000000000000000011111
000000000011111111111111111111100000000000000000000000000000000000000000000000000000000001111111111111000000001100000000000000000000011
000000000011111111111111111111100000000000000000000000000000000000000000000000000000000001111111111111000000001100000000000000000000011
000000000011111111111111111111100000000000000000000000000000000000000000000000000000000001111111111111000000001100000000000000000000011
000000000011111111111111111111100000000000000000000000000000000000000000000000000000000001111111111111000000001100000000000000000000011
000000000011111111111111111111100000000000000000000000000000000000000000000000000000000001111111111111000000001100000000000000000000011
000001111111111111111111111100000000000000000000000000000000000000000000000000000000000000001111111111111111111111111100000000000000011
000001111111111111111111111100000000000000000000000000000000000000000000000000000000000000001111111111111111111111111100000000000000011
000001111111111111111111111100000000000000000000000000000000000000000000000000000000000000001111111111111111111111111100000000000000011
111111111111111111111111111100000000000000000000000000000000000000000000000000000000000000000001111111111111111111111111111000000000000
111111111111111111111111111100000000000000000000000000000000000000000000000000000000000000000001111111111111111111111111111000000000000
111111111111111111111111111100000000000000000000000000000000000000000000000000000000000000000001111111111111111111111111111000000000000
111111111111111111111111111100000000000000000000000000000000000000000000000000000000000000000001111111111111111111111111111000000000000
111111111111111111111111111100000000000000000000000000000000000000000000000000000000000000000001111111111111111111111111111000000000000
111111111111111111111111100000000000000000000000000000000000000000000000000000000000000000000000011111111111111111111100011110000000000
111111111111111111111111100000000000000000000000000000000000000000000000000000000000000000000000011111111111111111111100011110000000000
111111111111111111111111100000000000000000000000000000000000000000000000000000000000000000000000011111111111111111111100011110000000000
111111111111111111111110000000000000000000000000000000000000000000000000000000000000000000000000011111111111111111111111111111100000000
111111111111111111111110000000000000000000000000000000000000000000000000000000000000000000000000011111111111111111111111111111100000000
111111111111111111111110000000000000000000000000000000000000000000000000000000000000000000000000011111111111111111111111111111100000000
111111111111111111111110000000000000000000000000000000000000000000000000000000000000000000000000011111111111111111111111111111100000000
111111111111111111111110000000000000000000000000000000000000000000000000000000000000000000000000011111111111111111111111111111100000000
111111111111111111111110000000000000000000000000000000000000000000000000000000000000000000000000000011111111111111111111111111100000000
111111111111111111111110000000000000000000000000000000000000000000000000000000000000000000000000000011111111111111111111111111100000000
111111111111111111111110000000000000000000000000000000000000000000000000000000000000000000000000000011111111111111111111111111100000000
111111111111111111110000000000000000000000000000000000000000000000000000000000000000000000000000000011111111111111111111111111111100000
111111111111111111110000000000000000000000000000000000000000000000000000000000000000000000000000000011111111111111111111111111111100000
111111111111111111110000000000000000000000000000000000000000000000000000000000000000000000000000000011111111111111111111111111111100000
111111111111111111110000000000000000000000000000000000000000000000000000000000000000000000000000000011111111111111111111111111111100000
111111111111111111110000000000000000000000000000000000000000000000000000000000000000000000000000000011111111111111111111111111111100000
111111111111111111110000000000000000000000000000000000000000000000000000000000000000000000000000000011111111111111111111111111111100000
111111111111111111110000000000000000000000000000000000000000000000000000000000000000000000000000000011111111111111111111111111111111100
111111111111111111110000000000000000000000000000000000000000000000000000000000000000000000000000000011111111111111111111111111111111100
111111111111111111110000000000000000000000000000000000000000000000000000000000000000000000000000000000111111111111111111111111111111111
111111111111111111110000000000000000000000000000000000000000000000000000000000000000000000000000000000111111111111111111111111111111111
111111111111111111110000000000000000000000000000000000000000000000000000000000000000000000000000000000111111111111111111111111111111111
111111111111111111110000000000000000000000000000000000000000000000000000000000000000000000000000000000111111111111111111111111111111111
111111111111111111110000000000000000000000000000000000000000000000000000000000000000000000000000000000111111111111111111111111111111111
111111111111111111110000000000000000000000000000000000000000000000000000000000000000000000000000000000111111111111111111111111111111111
111111111111111111110000000000000000000000000000000000000000000000000000000000000000000000000000000000111111111111111111111111111111111
111111111111111111110000000000000000000000000000000000000000000000000000000000000000000000000000000000111111111111111111111111111111111
111111111111111111110000000000000000000000000000000000000000000000000000000000000000000000000000000000111111111111111111111111111111111
111111111111111111110000000000000000000000000000000000000000000000000000000000000000000000000000000000111111111111111111111111111111111
111111111111111111110000000000000000000000000000000000000000000000000000000000000000000000000000000000111111111111111111111111111111111
111111111111111111110000000000000000000000000000000000000000000000000000000000000000000000000000000000111111111111111111111111111111111
111111111111111111110000000000000000000000000000000000000000000000000000000000000000000000000000000000111111111111111111111111111111111
111111111111111110000000000000000000000000000000000000000000000000000000000000000000000000000001100000111111111111111111111111111111111
111111111111111110000000000000000000000000000000000000000000000000000000000000000000000000000001100000111111111111111111111111111111111
111111111111111110000000000000000000000000000000000000000000000000000000000000000000000000000000000000111111111111111111111111111111111
111111111111111110000000000000000000000000000000000000000000000000000000000000000000000000000000000000111111111111111111111111111111111
111111111111111110000000000000000000000000000000000000000000000000000000000000000000000000000000000000111111111111111111111111111111111
111111111111111110000000000000000000000000000000000000000000000000000000000000000000000000000000000000111111111111111111111111111111111
111111111111111110000000000000000000000000000000000000000000000000000000000000000000000000000000000000111111111111111111111111111111111
111111111111111110000000000000000000000000000000000000000000000000000000000000000000000000000000000000111111111111111111111111111111111
111111111111111110000000000000000000000000000000000000000000000000000000000000000000000000000000000000111111111111111111111111111111111
111111111111111110000000000000000000000000000000000000000000000000000000000000000000000000000000000000111111111111111111111111111111111
111111111111111110000000000000000000000000000000000000000000000000000000000000000000000000000000000000111111111111111111111111111111111
111111111111111110000000000000000000000000000000000000000000000000000000000000000000000000000000000000111111111111111111111111111111111
111111111111111110000000000000000000000000000000000000000000000000000000000000000000000000000000000000111111111111111111111111111111111
111111111111111110000000000000000000000000000000000000000000000000000000000000000000000000000000000000111111111111111111111111111111111
111111111111111110000000000000000000000000000000000000000000000000000000000000000000000000000000000000111111111111111111111111111111111
111111111111111110000000000000000000000000000000000000000000000000000000000000000000000000000000000000111111111111111111111111111111111
111111111111111111110000000000000000000000000000000000000000000000000000000000000000000000000000000000111111111111111111111111111111111
111111111111111111110000000000000000000000000000000000000000000000000000000000000000000000000000000000111111111111111111111111111111111
111111111111111111110000000000000000000000000000000000000000000000000000000000000000000000000000000000111111111111111111111111111111111
111111111111111111110000000000000000000000000000000000000000000000000000000000000000000000000000000000111111111111111111111111111111111
111111111111111111110000000000000000000000000000000000000000000000000000000000000000000000000000000000111111111111111111111111111111111
111111111111111111110000000000000000000000000000000000000000000000000000000000000000000000000000000000111111111111111111111111111111111
111111111111111111110000000000000000000000000000000000000000000000000000000000000000000000000000000000111111111111111111111111111111111
111111111111111111110000000000000000000000000000000000000000000000000000000000000000000000000000000000111111111111111111111111111111111
111111111111111111110000000000000000000000000000000000000000000000000000000000000000000000000000000011111111111111111111111111111111111
111111111111111111110000000000000000000000000000000000000000000000000000000000000000000000000000000011111111111111111111111111111111111
111111111111111111110000000000000000000000000000000000000000000000000000000000000000000000000000000011111111111111111111111111111111111
111111111111111111111110000000000000000000000000000000000000000000000000000000000000000000000000000011111111111111111111111111111111111
111111111111111111111110000000000000000000000000000000000000000000000000000000000000000000000000000011111111111111111111111111111111111
111111111111111111111110000000000000000000000000000000000000000000000000000000000000000000000000000011111111111111111111111111111111111
111111111111111111111110000000000000000000000000000000000000000000000000000000000000000000000000000011111111111111111111111111111111111
111111111111111111111110000000000000000000000000000000000000000000000000000000000000000000000000000011111111111111111111111111111111111
000000000000000001111110000000000000000000000000000000000000000000000000000000000000000000000000011111111111111111111111111111111111111
000000000000000001111110000000000000000000000000000000000000000000000000000000000000000000000000011111111111111111111111111111111111111
000000000000000001111110000000000000000000000000000000000000000000000000000000000000000000000000011111111111111111111111111111111111111
000000000000000000000000000000000000000000000000000000000000000000000000000000000000000000000000011111111111111111111111111111111111111
000000000000000000000000000000000000000000000000000000000000000000000000000000000000000000000000011111111111111111111111111111111111111
000000000000000000000000000000000000000000000000000000000000000000000000000000000000000000000000011111111111111111111111111111111111111
000000000000000000000000000000000000000000000000000000000000000000000000000000000000000000000000011111111111111111111111111111111111111
000000000000000000000000000000000000000000000000000000000000000000000000000000000000000000000000011111111111111111111111111111111111111
111111111100001111110000000000000000000000000000000000000000000000000000000000000000000000000001111111111111111111111111111111111111111
111111111100001111110000000000000000000000000000000000000000000000000000000000000000000000000001111111111111111111111111111111111111111
111111111100001111110000000000000000000000000000000000000000000000000000000000000000000000000001111111111111111111111111111111111111111
000000000000000000000000000000000000000000000000000000000000000000000000000000000000000000001111111111111111111111111111111111111111100
000000000000000000000000000000000000000000000000000000000000000000000000000000000000000000001111111111111111111111111111111111111111100
000000000000000000000000000000000000000000000000000000000000000000000000000000000000000000001111111111111111111111111111111111111111100
000000000000000000000000000000000000000000000000000000000000000000000000000000000000000000001111111111111111111111111111111111111111100
000000000000000000000000000000011100000000000000000000000000000000000000000000000000000001111111111111111111111111111111111111111100000
000000000000000000000000000000011100000000000000000000000000000000000000000000000000000001111111111111111111111111111111111111111100000
000000000000000000000000000000011100000000000000000000000000000000000000000000000000000001111111111111111111111111111111111111111100000
110000000000111110000000000000000000000011111111111111111011111111111111000000111000111111111111111111111111111111111111111111100000000
110000000000111110000000000000000000000011111111111111111011111111111111000000111000111111111111111111111111111111111111111111100000000
110000000000111110000000000000000000000011111111111111111011111111111111000000111000111111111111111111111111111111111111111111100000000
110000000000111110000000000000000000000011111111111111111011111111111111000000111000111111111111111111111111111111111111111111100000000
110000000000111110000000000000000000000011111111111111111011111111111111000000111000111111111111111111111111111111111111111111100000000
110000000011000000000000011100000000001100011111111111111111111111111111111111111111111111111111111111111111111111111111111001111111100
110000000011000000000000011100000000001100011111111111111111111111111111111111111111111111111111111111111111111111111111111001111111100
110000000011000000000000011100000000001100011111111111111111111111111111111111111111111111111111111111111111111111111111111001111111100
110000001111000000000000000000000010000000011111111000111111111111111111111111111111111111111111111111111111111111111111111111111111111
110000001111000000000000000000000010000000011111111000111111111111111111111111111111111111111111111111111111111111111111111111111111111
110000001111000000000000000000000010000000011111111000111111111111111111111111111111111111111111111111111111111111111111111111111111111
110000001111000000000000000000000010000000011111111000111111111111111111111111111111111111111111111111111111111111111111111111111111111
110000001111000000000000000000000010000000011111111000111111111111111111111111111111111111111111111111111111111111111111111111111111111
110001111100000001111110000000000010000000000011111000111111111111111111111111111111111111110001111111111111111111111111111111111111111
110001111100000001111110000000000010000000000011111000111111111111111111111111111111111111110001111111111111111111111111111111111111111
110001111100000001111110000000000010000000000011111000111111111111111111111111111111111111110001111111111111111111111111111111111111111
111111111100111111110000000011111100001100000011111000000100011111000111111111111111111111111111111100001111111111111111111111111111100
